$ 1 0.001 4.43302224444953 52 5 43
s 80 160 192 160 0 1 true
v -32 160 80 160 0 0 40 5 0 0 0.5
g -32 160 -32 192 0
r 192 160 256 160 0 80000
c 256 160 256 240 0 0.000009999999999999999 4.640130009471762
g 256 240 256 272 0
w 256 160 304 160 0
w 304 160 384 160 0
t 448 176 496 176 0 1 -5 -9.999999960951093e-11 100
v 448 96 496 96 0 0 40 5 0 0 0.5
w 496 96 496 160 0
g 448 96 448 112 0
156 528 208 560 208 4 5
w 624 352 480 352 0
w 624 208 640 208 0
w 640 208 640 352 0
w 640 352 624 352 0
v 176 336 256 336 0 0 40 5 0 0 0.5
g 256 416 256 432 0
c 256 336 256 368 0 1.0000000000000001e-7 4.9999999999998055
r 256 368 256 416 0 1000000
w 256 368 320 368 0
g 176 336 176 352 0
f 320 368 368 368 32 1.5 0.02
g 368 384 368 400 0
f 480 352 432 352 32 1.5 0.02
g 432 368 432 400 0
w 368 352 368 336 0
150 384 176 448 176 0 2 0 5
w 368 192 384 192 0
w 368 192 368 336 0
r 256 336 368 336 0 10000
w 496 192 528 208 0
g 528 272 528 304 0
r 496 192 496 272 0 1000
w 528 272 496 272 0
w 528 208 528 240 0
w 368 336 432 336 0
o 7 64 0 4099 5 0.00009765625 0 2 7 3
