$ 1 0.001 1.8479586061009856 52 5 43
g 96 160 96 192 0
r 192 160 256 160 0 80000
c 256 160 256 240 0 0.000009999999999999999 0.001
g 256 240 256 272 0
w 256 160 304 160 0
v 176 336 256 336 0 0 40 5 0 0 0.5
g 256 416 256 432 0
c 256 336 256 368 0 1.0000000000000001e-7 4.994176220910801
r 256 368 256 416 0 1000000
g 176 336 176 352 0
t 512 176 544 176 0 1 -4.999999994378601 6.213915263769111e-10 100
t 592 160 624 160 0 -1 4.999999996946517 -3.000003800934792e-9 100
v 624 64 624 96 0 0 40 5 0 0 0.5
g 624 64 608 64 0
s 304 160 384 160 0 1 false
w 624 96 624 144 0
w 624 96 592 96 0
r 592 96 592 160 0 10000
r 544 160 592 160 0 10000
r 448 176 512 176 0 10000
w 624 176 624 256 0
w 512 176 512 256 0
r 512 256 624 256 0 15000
w 624 304 624 336 0
178 656 336 656 448 0 1 0.2 2.3768362801175863e-13 0.5 1000000 0.05 225
g 608 336 544 336 0
d 608 336 624 336 2 default
g 544 192 544 208 0
w 448 176 448 224 0
w 384 160 384 208 0
150 400 224 448 224 0 2 0 5
w 384 208 400 208 0
w 384 240 400 240 0
w 384 240 384 352 0
w 256 368 336 368 0
f 352 368 384 368 32 1.5 0.02
w 336 368 352 368 0
g 384 384 384 432 0
w 624 256 624 304 0
w 592 96 544 96 0
c 544 96 544 160 0 0.000001 5.000007519129213e-9
v 320 288 320 272 0 0 40 5 0 0 0.5
r 320 240 384 240 0 10000
w 320 240 320 272 0
g 320 288 320 304 0
s 192 160 144 160 0 1 false
v 96 160 144 160 0 0 40 5 0 0 0.5
