$ 1 0.001 13.097415321081861 52 5 43
g 96 160 96 192 0
r 192 160 256 160 0 80000
c 256 160 256 240 0 0.000009999999999999999 4.261594654554337
g 256 240 256 272 0
w 256 160 304 160 0
v 176 336 256 336 0 0 40 5 0 0 0.5
g 256 416 256 432 0
c 256 336 256 368 0 1.0000000000000001e-7 4.9999999999998055
r 256 368 256 416 0 1000000
g 176 336 176 352 0
t 512 176 544 176 0 1 0.584026504567621 0.609565374059446 100
t 592 160 624 160 0 -1 -0.569777413812897 -0.5944077166071517 100
v 752 96 720 96 0 0 40 5 0 0 0.5
s 304 160 384 160 0 0 false
w 624 96 624 144 0
w 624 96 592 96 0
r 592 96 592 160 0 10000
r 544 160 592 160 0 10000
r 448 176 512 176 0 10000
w 624 176 624 256 0
w 512 176 512 256 0
r 512 256 624 256 0 20000
178 784 272 784 384 0 1 0.2 -0.0000048410667045253625 1 1000000 0.05 225
g 544 192 544 208 0
w 448 176 448 224 0
w 384 160 384 208 0
150 400 224 448 224 0 2 5 5
w 384 208 400 208 0
w 384 240 400 240 0
w 384 240 384 352 0
w 256 368 336 368 0
f 352 368 384 368 32 1.5 0.02
w 336 368 352 368 0
g 384 384 384 432 0
w 592 96 544 96 0
c 544 96 544 160 0 0.000001 4.974461130508175
v 320 288 320 272 0 0 40 5 0 0 0.5
r 320 240 384 240 0 10000
w 320 240 320 272 0
g 320 288 320 304 0
v 96 160 144 160 0 0 40 5 0 0 0.5
s 144 160 192 160 0 1 true
s 720 96 624 96 0 0 false
g 752 96 752 112 0
f 640 288 688 288 41 7 0.015
w 624 288 640 288 0
g 688 384 688 400 0
v 688 384 688 336 0 0 40 12 0 0 0.5
g 752 272 752 256 0
w 688 304 688 336 0
w 688 272 736 272 0
w 624 256 624 288 0
