$ 1 0.001 3.7524723159601 52 5 43
g 96 160 96 192 0
r 192 160 256 160 0 80000
c 256 160 256 240 0 0.000009999999999999999 3.375032612889716
g 256 240 256 272 0
w 256 160 304 160 0
v 176 336 256 336 0 0 40 5 0 0 0.5
g 256 416 256 432 0
c 256 336 256 368 0 1.0000000000000001e-7 4.9999999999998055
r 256 368 256 416 0 1000000
g 176 336 176 352 0
t 512 224 544 224 0 1 0.5470333341236414 0.5878730349265899 100
t 592 208 624 208 0 -1 -0.5696720224495246 -0.5943557594605897 100
v 752 144 720 144 0 0 40 5 0 0 0.5
s 304 160 384 160 0 1 false
w 624 144 624 192 0
w 624 144 592 144 0
r 592 144 592 208 0 10000
r 544 208 592 208 0 10000
r 448 224 512 224 0 10000
w 624 224 624 304 0
w 512 224 512 304 0
r 512 304 624 304 0 20000
178 784 320 784 432 0 1 0.2 -0.00000486082905392857 1 1000000 0.05 225
g 544 240 544 256 0
w 384 160 384 208 0
150 400 224 448 224 0 2 0 5
w 384 208 400 208 0
w 384 240 400 240 0
w 384 240 384 352 0
w 256 368 336 368 0
f 352 368 384 368 32 1.5 0.02
w 336 368 352 368 0
g 384 384 384 432 0
w 592 144 544 144 0
c 544 144 544 208 0 0.000001 4.959160299197052
v 320 288 320 272 0 0 40 5 0 0 0.5
r 320 240 384 240 0 10000
w 320 240 320 272 0
g 320 288 320 304 0
v 96 160 144 160 0 0 40 5 0 0 0.5
s 144 160 192 160 0 1 true
s 720 144 624 144 0 0 false
g 752 144 752 160 0
f 640 336 688 336 41 7 0.015
w 624 336 640 336 0
g 688 432 688 448 0
v 688 432 688 384 0 0 40 12 0 0 0.5
g 752 320 752 304 0
w 688 352 688 384 0
w 688 320 736 320 0
w 624 304 624 336 0
