$ 1 0.001 3.046768661252054 52 5 43
g 96 160 96 192 0
r 192 160 256 160 0 30000
c 288 160 288 240 0 0.000035 0.001
g 288 304 288 336 0
t 512 224 544 224 0 1 0 0 100
t 592 208 624 208 0 -1 0 0 100
v 752 144 720 144 0 0 40 5 0 0 0.5
w 624 144 624 192 0
w 624 144 592 144 0
r 592 144 592 208 0 10000
r 544 208 592 208 0 10000
r 448 224 512 224 0 10000
w 624 224 624 304 0
w 512 224 512 304 0
r 512 304 624 304 0 20000
178 784 320 784 432 0 1 0.2 0 1 1000000 0.05 225
g 544 240 544 256 0
150 400 224 448 224 0 2 0 5
w 384 208 400 208 0
w 384 240 400 240 0
w 592 144 544 144 0
c 544 144 544 208 0 0.000001 0.001
v 96 160 144 160 0 0 40 5 0 0 0.5
s 144 160 192 160 0 1 true
s 720 144 624 144 0 0 false
g 752 144 752 160 0
f 640 336 688 336 41 7 0.015
w 624 336 640 336 0
g 688 432 688 448 0
v 688 432 688 384 0 0 40 12 0 0 0.5
g 752 320 752 304 0
w 688 352 688 384 0
w 688 320 736 320 0
w 624 304 624 336 0
r 320 240 384 240 0 80000
c 384 240 384 320 0 0.000009999999999999999 0.001
g 384 320 384 336 0
v 320 320 320 240 0 0 40 5 0 0 0.5
g 320 320 320 336 0
r 256 160 256 240 0 100000
w 256 240 288 240 0
w 256 160 288 160 0
w 384 160 384 208 0
w 288 240 288 304 0
151 256 32 384 32 0 2 0 5
v 128 32 192 32 0 0 40 5 0 0 0.5
s 192 32 256 16 0 0 false
s 192 32 256 48 0 0 false
g 128 32 128 48 0
r 384 32 384 112 0 100
d 384 112 384 160 2 1N4148
d 288 160 384 160 2 1N4148
o 42 64 0 4099 5 0.00009765625 0 2 42 3
o 33 64 0 4099 5 0.00009765625 1 2 33 3
